40
2 2 2 2 3 3 3 3 3 3 3 3 3 3 3 3 3 3 3 3 3 3 3 3 3 3 1 1 1 1 1 1 1 1 1 1 1 1 1 1 
1 2 2 1 2 2 3 3 3 3 3 2 4 3 3 4 3 4 4 4 4 3 2 4 3 2 1 1 1 1 1 1 1 1 1 1 1 1 1 1
0 35.769 66.007 54.98 22.678 44.293 43.174 59.208 74.377 781.409 42.899 57.862 70.163 431.901 84.575 65.715 76.293 31.011 61.834 23.448 677.971 41.784 36.487 81.267 40.591 14.201 53.456 56.266 454.307 72.204 77.828 71.203 73.038 761.798 73.526 14.082 86.966 91.073 77.28 729.713
35.769 0 65.095 88.352 45.625 264.247 69.777 24.278 85.954 106.788 68.831 53.335 83.754 36.144 105.033 45.18 83.262 42.188 96.528 5614.15 101.558 71.609 55.787 67.87 564.26 45.578 55.563 32.518 43.36 91.206 97.697 72.122 66.708 82.818 89.581 31.453 93.363 115.763 96.326 97.919
66.007 65.095 0 10974.138 704.035 73.871 82.513 79.09 32.424 101.51 52.848 45.182 107.178 30.969 756.369 45.545 124.813 45.831 111.971 838.465 1091.689 65.256 63.8 37.219 36.859 586.199 65.792 499.916 480.055 89.639 52.822 118.821 13.764 1257.729 776.835 73.47 980.135 90.886 57.246 927.165
54.98 88.352 10974.138 0 60.927 87.451 59.314 110.378 106.169 565.339 61.728 976.647 675.948 93.175 88.731 115.26 75.147 78.158 11.717 32.449 26.4 49.892 715.176 127.133 79.454 54.048 833.381 107.276 865.056 70.983 93.622 80.511 118.31 75.18 814.361 60.963 97.249 83.84 90.972 61.949
22.678 45.625 704.035 60.927 0 62.7 24.25 65.035 726.053 91.777 52.14 75.209 91.584 53.909 97.817 78.557 95.899 25.426 65.566 36.585 762.987 52.843 17.925 92.696 38.323 24.756 74.912 69.232 63.96 91.525 82.901 90.658 79.88 95.427 92.095 19.829 108.944 1033.222 870.743 89.284
44.293 264.247 73.871 87.451 62.7 0 86.18 39.577 96.998 97.756 707.911 44.01 63.536 43.178 97.655 43.688 63.126 60.511 96.697 57.036 97.591 71.174 74.925 667.221 700.657 536.584 37.739 32.898 34.36 761.14 100.322 51.614 72.617 63.152 76.008 45.283 71.473 108.331 941.121 86.705
43.174 69.777 82.513 59.314 24.25 86.18 0 883.153 74.794 93.792 57.94 93.924 105.638 73.154 102.738 997.037 111.858 40.455 60.034 47.344 73.622 57.719 21.244 1105.019 46.157 39.523 93.564 91.592 83.493 101.671 839.297 108.985 941.671 11142.241 1028.139 42.735 124.449 105.153 91.323 95.098
59.208 24.278 79.09 110.378 65.035 39.577 883.153 0 102.978 130.453 923.417 69.115 102.103 53.113 1270.961 51.566 96.597 61.127 119.059 78.829 1251.316 95.773 73.695 75.668 76.29 69.31 73.621 39.946 618.763 1127.294 118.81 83.051 781.57 95.782 110.615 51.995 109.914 13882.042 117.828 120.956
74.377 85.954 32.424 106.169 726.053 96.998 74.794 102.978 0 97.229 49.37 700.924 119.195 55.984 72.243 76.861 139.547 5142.259 105.032 8749.073 102.502 62.11 60.483 682.063 34.918 62.587 85.517 79.3 70.533 96.067 363.225 136.135 44.772 1405.332 85.049 82.922 113.711 835.586 50.31 92.875
781.409 106.788 101.51 565.339 91.777 97.756 93.792 130.453 97.229 0 52.893 84.404 57.943 93.688 43.311 111.301 86.207 94.165 544.651 636.81 33.722 42.932 96.986 113.413 85.744 70.672 70.906 10914.795 79.588 33.511 68.116 94.531 107.433 881.8 42.366 909.891 67.223 32.896 57.289 15.519
42.899 68.831 52.848 61.728 52.14 707.911 57.94 923.417 49.37 52.893 0 53.148 73.643 48.581 46.178 72.932 95.339 44.669 62.142 454.78 56.683 13.181 518.267 750.089 33.285 29.95 53.436 7064.226 47.229 533.121 369.705 9519.599 619.752 96.498 48.746 56.32 777.239 53.221 36.153 48.459
57.862 53.335 45.182 976.647 75.209 44.01 93.924 69.115 700.924 84.404 53.148 0 700.355 28.846 65.937 28.821 87.763 60.357 103.122 70.504 96.818 59.033 79.351 338.457 580.673 56.111 24.278 32.141 13.109 60.09 68.557 81.962 408.642 891.657 50.336 67.024 57.09 81.32 60.19 71.085
70.163 83.754 107.178 675.948 91.584 63.536 105.638 102.103 119.195 57.943 73.643 700.355 0 85.016 77.36 91.78 330.096 96.365 75.406 59.114 65.787 65.163 1045.184 1035.444 97.151 72.981 45.977 86.927 63.234 37.052 101.61 41.334 1080.92 357.081 50.282 78.731 38.489 79.24 88.399 48.233
431.901 36.144 30.969 93.175 53.909 43.178 73.154 53.113 55.984 93.688 48.581 28.846 85.016 0 788.091 27.951 97.482 34.847 98.319 62.991 97.493 56.847 55.367 390.148 36.838 41.567 44.263 24.993 24.61 77.446 67.467 89.865 32.526 98.128 69.67 49.452 82.275 92.674 66.481 835.562
84.575 105.033 756.369 88.731 97.817 97.655 102.738 1270.961 72.243 43.311 46.178 65.937 77.36 788.091 0 92.933 1085.769 88.497 87.241 818.404 706.692 47.34 97.725 857.848 74.881 74.075 641.733 957.003 67.593 410.507 39.094 112.42 79.466 110.8 30.138 98.621 64.745 18.233 22.214 364.198
65.715 45.18 45.545 115.26 78.557 43.688 997.037 51.566 76.861 111.301 72.932 28.821 91.78 27.951 92.933 0 101.847 61.181 121.623 84.396 119.213 80.306 81.653 25.489 64.271 672.53 47.458 12.984 32.383 88.042 87.472 92.134 37.597 102.601 79.137 69.76 81.558 108.692 83.376 987.125
76.293 83.262 124.813 75.147 95.899 63.126 111.858 96.597 139.547 86.207 95.339 87.763 330.096 97.482 1085.769 101.847 0 1058.246 85.63 65.862 83.396 86.833 1120.805 119.544 111.958 844.177 64.773 93.927 78.829 69.509 127.899 156.904 125.461 30.384 81.702 79.364 65.363 110.613 116.806 78.897
31.011 42.188 45.831 78.158 25.426 60.511 40.455 61.127 5142.259 94.165 44.669 60.357 96.365 34.847 88.497 61.181 1058.246 0 816.616 51.233 87.14 51.504 20.789 712.729 18.347 26.66 67.872 546.467 52.032 89.604 68.28 995.927 55.807 105.872 85.482 34 104.519 97.72 738.511 89.165
61.834 96.528 111.971 11.717 65.566 96.697 60.034 119.059 105.032 544.651 62.142 103.122 75.406 98.319 87.241 121.623 85.63 816.616 0 40.758 21.594 50.459 73.653 131.698 808.962 585.375 90.056 114.325 926.129 74.024 90.89 91.551 121.32 85.836 838.059 68.561 102.877 806.35 89.327 62.383
23.448 5614.15 838.465 32.449 36.585 57.036 47.344 78.829 8749.073 636.81 454.78 70.504 59.114 62.991 818.404 84.396 65.862 51.233 40.758 0 47.545 375.253 505.318 98.665 56.25 26.606 589.382 75.577 58.19 63.87 82.231 65.289 91.205 65.823 70.104 310.415 837.099 83.884 79.597 615.065
677.971 101.558 1091.689 26.4 762.987 97.591 73.622 1251.316 102.502 33.722 56.683 96.818 65.787 97.493 706.692 119.213 83.396 87.14 21.594 47.545 0 43.985 83.321 126.447 82.913 62.368 82.687 113.72 880.597 577.197 816.075 91.227 117.503 84.351 68.19 77.667 89.064 61.962 7689.999 43.729
41.784 71.609 65.256 49.892 52.843 71.174 57.719 95.773 62.11 42.932 13.181 59.033 65.163 56.847 47.34 80.306 86.833 51.504 50.459 375.253 43.985 0 55.789 84.684 43.315 30.503 53.685 76.766 515.879 46.952 46.467 88.305 73.718 87.996 46.595 554.149 74.369 50.692 43.147 400.333
36.487 55.787 63.8 715.176 17.925 74.925 21.244 73.695 60.483 96.986 518.267 79.351 1045.184 55.367 97.725 81.653 1120.805 20.789 73.653 505.318 83.321 55.789 0 91.86 29.739 322.189 83.468 74.259 70.006 98.88 75.969 107.113 75.101 1118.267 97.077 364.593 117.978 103.76 83.669 95.17
81.267 67.87 37.219 127.133 92.696 667.221 1105.019 75.668 682.063 113.413 750.089 338.457 1035.444 390.148 857.848 25.489 119.544 712.729 131.698 98.665 126.447 84.684 91.86 0 68.023 78.603 576.458 37.78 43.81 909.798 78.091 1118.531 24.313 120.75 78.153 87.85 85.58 103.292 74.375 100.732
40.591 564.26 36.859 79.454 38.323 700.657 46.157 76.29 34.918 85.744 33.285 580.673 97.151 36.838 74.881 64.271 111.958 18.347 808.962 56.25 82.913 43.315 29.739 68.023 0 30.052 67.492 609.781 52.166 833.516 50.581 1075.574 49.166 1124.534 771.387 48.201 101.197 84.403 58.091 811.926
14.201 45.578 586.199 54.048 24.756 536.584 39.523 69.31 62.587 70.672 29.95 56.111 72.981 41.567 74.075 672.53 844.177 26.66 585.375 26.606 62.368 30.503 322.189 78.603 30.052 0 54.147 59.972 451.005 677.817 64.419 81.023 673.286 84.693 67.426 26.592 864.434 804.808 65.168 66.284
53.456 55.563 65.792 833.381 74.912 37.739 93.564 73.621 85.517 70.906 53.436 24.278 45.977 44.263 641.733 47.458 64.773 67.872 90.056 589.382 82.687 53.685 83.468 576.458 67.492 54.147 0 45.544 197.625 434.705 76.792 60.947 64.044 664.477 39.9 63.29 39.273 75.927 65.423 57.017
56.266 32.518 499.916 107.276 69.232 32.898 91.592 39.946 79.3 10914.795 7064.226 32.141 86.927 24.993 957.003 12.984 93.927 546.467 114.325 75.577 113.72 76.766 74.259 37.78 609.781 59.972 45.544 0 30.276 87.106 90.234 83.432 451.482 94.382 8039.298 58.769 82.254 1101.848 86.595 972.266
454.307 43.36 480.055 865.056 63.96 34.36 83.493 618.763 70.533 79.588 47.229 13.109 63.234 24.61 67.593 32.383 78.829 52.032 926.129 58.19 880.597 515.879 70.006 43.81 52.166 451.005 197.625 30.276 0 572.828 69.484 727.67 46.762 799.895 506.488 54.571 579.818 81.12 62.101 67.164
72.204 91.206 89.639 70.983 91.525 761.14 101.671 1127.294 96.067 33.511 533.121 60.09 37.052 77.446 410.507 88.042 69.509 89.604 74.024 63.87 577.197 46.952 98.88 909.798 833.516 677.817 434.705 87.106 572.828 0 71.143 75.464 91.591 719.938 16.961 85 34.272 43.598 55.675 18.4
77.828 97.697 52.822 93.622 82.901 100.322 839.297 118.81 363.225 68.116 369.705 68.557 101.61 67.467 39.094 87.472 127.899 68.28 90.89 82.231 816.075 46.467 75.969 78.091 50.581 64.419 76.792 90.234 69.484 71.143 0 128.347 61.538 1294.687 600.995 90.293 93.989 48.542 181.888 64.907
71.203 72.122 118.821 80.511 90.658 51.614 108.985 83.051 136.135 94.531 9519.599 81.962 41.334 89.865 112.42 92.134 156.904 995.927 91.551 65.289 91.227 88.305 107.113 1118.531 1075.574 81.023 60.947 83.432 727.67 75.464 128.347 0 1187.525 14.578 85.253 72.494 68.59 116.634 118.163 86.012
73.038 66.708 13.764 118.31 79.88 72.617 941.671 781.57 44.772 107.433 619.752 408.642 1080.92 32.526 79.466 37.597 125.461 55.807 121.32 91.205 117.503 73.718 75.101 24.313 49.166 673.286 64.044 451.482 46.762 91.591 61.538 1187.525 0 126.521 787.358 80.135 95.154 96.017 63.01 971.009
761.798 82.818 1257.729 75.18 95.427 63.152 11142.241 95.782 1405.332 881.8 96.498 891.657 357.081 98.128 110.8 102.601 30.384 105.872 85.836 65.823 84.351 87.996 1118.267 120.75 1124.534 84.693 664.477 94.382 799.895 719.938 1294.687 14.578 126.521 0 84.118 78.732 681.625 112.834 118.669 81.098
73.526 89.581 776.835 814.361 92.095 76.008 1028.139 110.615 85.049 42.366 48.746 50.336 50.282 69.67 30.138 79.137 81.702 85.482 838.059 70.104 68.19 46.595 97.077 78.153 771.387 67.426 39.9 8039.298 506.488 16.961 600.995 85.253 787.358 84.118 0 86.864 35.738 393.152 43.305 27.451
14.082 31.453 73.47 60.963 19.829 45.283 42.735 51.995 82.922 909.891 56.32 67.024 78.731 49.452 98.621 69.76 79.364 34 68.561 310.415 77.667 554.149 364.593 87.85 48.201 26.592 63.29 58.769 54.571 85 90.293 72.494 80.135 78.732 86.864 0 97.555 105.062 9075.35 86.223
86.966 93.363 980.135 97.249 108.944 71.473 124.449 109.914 113.711 67.223 777.239 57.09 38.489 82.275 64.745 81.558 65.363 104.519 102.877 837.099 89.064 74.369 117.978 85.58 101.197 864.434 39.273 82.254 579.818 34.272 93.989 68.59 95.154 681.625 35.738 97.555 0 72.299 77.462 52.522
91.073 115.763 90.886 83.84 1033.222 108.331 105.153 13882.042 835.586 32.896 53.221 81.32 79.24 92.674 18.233 108.692 110.613 97.72 806.35 83.884 61.962 50.692 103.76 103.292 84.403 804.808 75.927 1101.848 81.12 43.598 48.542 116.634 96.017 112.834 393.152 105.062 72.299 0 35.662 32.261
77.28 96.326 57.246 90.972 870.743 941.121 91.323 117.828 50.31 57.289 36.153 60.19 88.399 66.481 22.214 83.376 116.806 738.511 89.327 79.597 7689.999 43.147 83.669 74.375 58.091 65.168 65.423 86.595 62.101 55.675 181.888 118.163 63.01 118.669 43.305 9075.35 77.462 35.662 0 51.434
729.713 97.919 927.165 61.949 89.284 86.705 95.098 120.956 92.875 15.519 48.459 71.085 48.233 835.562 364.198 987.125 78.897 89.165 62.383 615.065 43.729 400.333 95.17 100.732 811.926 66.284 57.017 972.266 67.164 18.4 64.907 86.012 971.009 81.098 27.451 86.223 52.522 32.261 51.434 0
